Iteration,Penalty
0,897
1000,284
2000,264
3000,264
4000,261
5000,258
6000,258
7000,258
8000,258
9000,258
10000,258
11000,258
12000,258
13000,258
14000,258
15000,258
16000,258
17000,258
18000,258
19000,258
20000,258
21000,258
22000,258
23000,258
24000,258
25000,258
26000,258
27000,258
28000,251
29000,251
30000,251
31000,251
32000,251
33000,232
34000,232
35000,229
36000,229
37000,229
38000,219
39000,204
40000,203
41000,203
42000,203
43000,199
44000,185
45000,171
46000,167
47000,152
48000,145
49000,125
50000,108
51000,108
52000,93
53000,76
54000,56
55000,52
56000,37
57000,29
58000,28
59000,23
60000,22
61000,19
62000,17
63000,14
64000,10
65000,8
66000,5
67000,4
68000,4
69000,3
70000,3
71000,3
72000,3
73000,3
74000,2
75000,2
76000,2
77000,2
78000,2
79000,2
80000,2
81000,2
82000,2
83000,2
84000,2
85000,2
86000,2
87000,2
88000,2
89000,2
90000,2
91000,2
92000,2
93000,2
94000,2
95000,2
96000,2
97000,2
98000,2
99000,2
100000,2
101000,2
102000,2
103000,2
104000,2
105000,2
106000,2
107000,2
108000,2
109000,2
110000,2
111000,2
112000,2
113000,2
114000,2
115000,2
116000,2
117000,2
118000,2
119000,2
120000,2
121000,2
122000,2
123000,2
124000,2
125000,2
126000,2
127000,2
128000,2
129000,2
130000,2
131000,2
132000,2
133000,2
134000,2
135000,2
136000,2
137000,2
138000,2
139000,2
140000,2
141000,2
142000,2
143000,2
144000,2
145000,2
146000,2
147000,2
148000,2
149000,2
150000,2
151000,2
152000,2
153000,2
154000,2
155000,2
156000,2
157000,2
158000,2
159000,2
160000,2
161000,2
162000,2
163000,2
164000,2
165000,2
166000,2
167000,2
168000,2
169000,2
170000,2
171000,2
172000,2
173000,2
174000,2
175000,2
176000,2
177000,2
178000,2
179000,2
180000,2
181000,2
182000,2
183000,2
184000,2
185000,2
186000,2
187000,2
188000,2
189000,2
190000,2
191000,2
192000,2
193000,2
194000,2
195000,2
196000,2
197000,2
198000,2
199000,2
200000,2
201000,2
202000,2
203000,2
204000,2
205000,2
206000,2
207000,2
208000,2
209000,2
210000,2
211000,2
212000,2
213000,2
214000,2
215000,2
216000,2
217000,2
218000,2
219000,2
220000,2
221000,1
222000,1
223000,1
224000,1
225000,1
226000,1
227000,1
228000,1
229000,1
230000,1
231000,1
500000,0
