Iteration,Penalty
0,790
1000,330
2000,274
3000,274
4000,270
5000,270
6000,270
7000,270
8000,270
9000,270
10000,270
11000,270
12000,270
13000,270
14000,270
15000,270
16000,270
17000,270
18000,270
19000,270
20000,270
21000,270
22000,270
23000,243
24000,243
25000,243
26000,243
27000,243
28000,243
29000,243
30000,243
31000,243
32000,243
33000,243
34000,239
35000,232
36000,232
37000,220
38000,220
39000,212
40000,205
41000,197
42000,197
43000,190
44000,176
45000,176
46000,176
47000,145
48000,144
49000,134
50000,107
51000,96
52000,92
53000,71
54000,68
55000,60
56000,53
57000,39
58000,29
59000,29
60000,23
61000,23
62000,19
63000,15
64000,13
65000,11
66000,9
67000,9
68000,9
69000,9
70000,8
71000,6
72000,3
73000,3
74000,2
75000,2
76000,2
77000,2
78000,2
79000,2
80000,2
81000,2
82000,2
83000,2
84000,2
85000,2
86000,2
87000,2
88000,2
89000,2
90000,2
91000,2
92000,2
93000,2
94000,2
95000,2
96000,2
97000,2
98000,2
99000,2
100000,2
101000,2
102000,2
103000,2
104000,2
105000,2
106000,2
107000,2
108000,2
109000,2
110000,2
111000,2
112000,2
113000,2
114000,2
115000,2
116000,2
117000,2
118000,2
119000,2
120000,2
121000,2
122000,2
123000,2
124000,2
125000,2
126000,2
127000,2
128000,2
129000,2
130000,2
131000,2
132000,2
133000,2
134000,2
135000,2
136000,2
137000,2
138000,2
139000,2
140000,2
141000,2
142000,2
143000,2
144000,2
145000,2
146000,2
147000,2
148000,2
149000,2
150000,2
151000,2
152000,2
153000,2
154000,2
155000,2
156000,2
157000,2
158000,2
159000,2
160000,2
161000,2
162000,2
163000,2
164000,2
165000,2
166000,2
167000,2
168000,2
169000,2
170000,2
171000,2
172000,2
173000,2
174000,2
175000,2
176000,2
177000,2
178000,2
179000,2
180000,2
181000,2
182000,2
183000,2
184000,2
185000,2
186000,2
187000,2
188000,2
189000,2
190000,2
191000,2
192000,2
193000,2
194000,2
195000,2
196000,2
197000,2
198000,2
199000,2
200000,2
201000,2
202000,2
203000,2
204000,2
205000,2
206000,2
207000,2
208000,2
209000,2
210000,2
211000,2
212000,2
213000,2
214000,2
215000,2
216000,2
217000,2
218000,2
219000,2
220000,2
221000,2
222000,2
223000,2
224000,2
225000,2
226000,2
227000,2
228000,2
229000,2
230000,2
231000,2
232000,2
233000,2
234000,2
235000,2
236000,2
237000,2
238000,1
239000,1
240000,1
241000,1
242000,1
500000,0
